X	Y
2.440521491267922	2.8416149146119523
2.235130595264099	2.2507834601590675
1.5549140887915724	1.0987132511343431
1.8521553538910336	1.1516075393057528
1.4599707233269754	2.362466433165338
2.081069038759559	2.052464990739609
1.882914573996363	2.4910073176267473
1.7490195747890653	2.408203794496094
1.7816930175692167	1.6438146108844813
1.1511223647729287	2.1728350833918846
1.7829002673154213	2.3610049454405275
0.9078913337390355	1.184652861795001
2.3911351268961853	1.9140623212182188
1.8715065208266284	1.6467065278939255
1.8579402505698706	2.114637110793911
2.638523386156097	2.136926900467954
1.9089789396854802	2.152921863098058
2.008619263372321	2.27122492760709
2.577986624659741	2.1535786674929636
1.8934712284397655	1.612383474485115
2.009099901667308	1.8106519072166223
1.8014199661328323	1.3555889047070608
1.9626945908469564	1.747093540457548
2.605831512458092	2.446707343435281
1.9061085792551369	1.7801340686693532
2.081581947594765	1.2386143794482103
2.6986366543508207	2.430123703545214
1.8734088383051573	1.8205103489103394
2.0404848751362668	2.248442297492188
2.156379114695162	2.7740578317930207
2.049575320317962	2.7622863666568453
2.0598248948235214	2.03424532126031
1.6056469731514713	1.787672106722345
3.13767297415151	1.90878984635295
2.1673837699588643	2.307091881596936
2.567061726210597	1.1133534715922617
2.608846437569257	1.8899072161835728
2.01765738282321	2.8426943139590053
1.1967717186934153	1.9194648818957751
2.304931466187625	1.762426897019554
2.7602755850164673	2.258077872894549
2.173571362727457	1.6565345948945036
2.140355776716084	2.4796541940022587
2.891077984433755	2.1628570881065015
2.239349338309153	1.256236506794054
1.4281432327623294	1.3378164670357808
2.4020889187092664	2.3916765417455936
2.242866010668189	1.9570155672773337
2.1351640041970015	2.8145979105422954
3.581868290581537	1.8154577883946859
2.1143911683263656	2.198406987046101
2.315057120410364	2.3527251268095
1.640228783601474	1.725205967609576
2.1202698505659154	2.549413038276117
1.5712201523134879	1.471645309700632
2.1821715885490454	1.9380733225200917
2.883618846392902	2.19234091028918
1.3717193844257438	2.6379469555424215
1.8546534890143918	1.571358669763563
1.9055316729890057	1.6917318485784443
2.083346568835405	2.4682752769390897
2.070913456141458	1.964408101659746
1.1278363811488488	2.3053103156671675
2.6152489054991017	1.3410598123421282
1.3915693721877616	1.9030839952372713
2.425039562967027	2.026001993965149
1.8474996110725765	2.503220580006926
1.6991444679191046	2.4664422765330047
1.3817719460755806	1.68286625497057
2.364731131045981	1.4660571089054948
2.3002664068030514	2.0330208116295703
2.471424227945859	2.1452505803527187
2.0045984141214497	1.325227842853841
1.4870768480119105	1.8439411155602021
1.9167977310317061	2.6203349636800777
1.4155989569295742	2.071185923186486
1.710358877817023	1.6952915773402175
1.421120395185552	1.7571485682724406
2.420618470378569	1.45606055189945
1.5582654355467047	2.2548246399067877
1.805880814743392	1.1894063187121806
1.7741109993743822	1.609750119605514
1.8688513094369794	1.8172539067618656
2.360886903980267	1.5200792682500552
3.0392085241597764	1.71388870427971
2.3613377878139556	2.645115502420861
1.3473129752409319	1.2643565941002168
1.9915671401389086	2.411999718077954
1.946674969408607	1.0204916061779743
1.9736361579615316	1.6422316923733546
1.3396635269274588	2.268668155667438
2.2938455797968533	2.8283234295041573
2.083283569192994	1.8353499181515485
2.366948998051416	2.134121453988201
2.4026458330071145	2.6843094620158645
1.1856530765481044	2.2066375434386414
2.631606166083581	2.436714567231126
3.1265235709899537	2.1821539446926135
2.948832454385295	2.8498553477718946
3.034842676304603	1.7678932414259345
7.364920203887825	8.087165191245017
8.236639465057824	7.964757163314627
8.194039573867977	7.793080145540598
7.69079408471226	8.637247405766402
8.645078192620016	8.647406951017594
8.173434374159049	8.963995273641192
7.704435503869953	8.407781361235362
7.997755382135094	7.182784837544681
8.831852890218896	8.316693869967951
7.742812594807479	8.556439598453256
8.759353383476185	9.078575093265984
7.518610895440497	7.227825058305697
8.143978410638958	8.102383615707643
8.630787690778053	8.145391308999423
7.943280605014756	8.738723246503303
7.80226496761845	7.559251618478188
8.565193970044797	8.357348812475239
8.375076569742406	7.580540040634291
7.770511069381842	8.424057688442849
7.978292691965595	7.3809201088354275
8.056907569517973	8.3862450734263
7.94318937846216	7.990890410260302
8.095449777222365	8.81226589591791
8.200682693309792	8.286598777000142
7.137918246639246	7.284080200055647
8.57030718773549	7.609986214889801
8.994689013489909	8.838087270261944
7.956766979076287	8.000822765304548
8.252719061964985	7.449586994060993
7.519665650766541	7.605499990303058
8.935683126184907	8.953730647550667
8.475509263228567	8.094835011375634
7.704484671039833	7.338591319940278
8.07648715892828	7.934997900701381
7.9307841858649315	8.025864855960345
8.129604153348971	8.109867415004276
7.546312464233648	7.870089532752407
8.727326366330017	7.588658768477524
8.190808613557257	7.822614952897777
8.263320382200382	8.91480531770065
7.8342762033403615	7.51949846538592
7.564590924868005	7.650617354518172
8.405243090625673	7.6212619749623665
8.496275291186368	8.639004110307518
7.540713445314704	7.684339509235631
7.469867973784076	8.138991333791454
8.767136103719853	7.729543122603452
7.001146752520835	8.437063468786077
7.287754912236177	8.451052887437122
8.929344608814517	7.327005000001084
7.4740876517926385	8.354260365898286
7.453838888698044	7.170409575476951
8.025727807729325	8.611522392492576
8.16555703935904	7.072877493378292
8.127412264135707	8.496037221665828
7.518066281086978	8.198780773234313
7.86603769711358	8.676296744787162
8.990494266991789	8.410396532521391
7.368189584336063	8.015772321533605
8.627439354651042	8.403358659783072
8.626034505331786	9.24728235376998
7.091141331475607	8.362325685329733
8.210677927787552	7.7819460556316065
8.320040611171086	7.983407433503963
8.006170438223672	9.062669193017742
7.397945756278875	7.398894271755898
8.229052673393731	8.465246341315405
9.309380134861843	7.779467390912282
8.556290054059527	7.049603025097356
8.222002861410413	8.337449592449573
7.162328776796685	8.24314174186038
8.03836914599514	7.884223115049441
7.604083753945644	9.13188940221425
8.680279016742366	6.998359010480024
7.814463093154568	8.237328771498763
7.548056794177542	7.96574740986209
8.153652240490258	8.002511584170065
7.666059988488734	8.091488222019427
8.555459697582185	8.710275289153433
8.377456726847422	8.48348115457519
7.77716870491173	7.815709060238225
7.541434917586807	8.2048623241176
8.05698042657403	7.581419074056821
8.01782994827161	8.23719884514832
7.587822089318373	8.463508711088556
7.71851210471857	8.262306431404648
7.515552939652385	7.848476400199266
7.440755349235283	7.640241645235657
8.409929010310334	8.757314778382472
8.310779825540584	7.981208547719829
8.055686063354704	7.8780669244072685
7.7909643704813645	8.017927107174645
7.422555469903437	7.958914663758808
7.554955991364244	8.278841722808718
7.7998282604443165	7.917818946642982
8.298854992139658	8.958163597122567
8.683544153621572	8.900374602193562
8.123143457438793	8.680386190982475
7.794682907954811	7.845014760935877
7.1980243879597055	7.734269742185091
